0.186941641398164	0.139985909612878	0.10098285521947	0.0926944128979063	0.209448746822184	0.125857655504119	0.204466335055365	0.120937094382591	0.0912619544985004	0.156449096396011
0.187630748757011	0.139708093281859	0.101630470380751	0.0924890442366171	0.209326920750944	0.125555089800372	0.208581945274922	0.121192276466333	0.0915297585432844	0.155751465561181
0.187953114988371	0.140230194968368	0.101202519455571	0.0925347763360898	0.210742625266541	0.125007343843848	0.210399895618975	0.121456699013769	0.0916583610332162	0.15530441523446
0.187404440072621	0.139983229017877	0.10209909664861	0.0949569983334267	0.210080967129925	0.12595809749542	0.217132544942282	0.121917585946342	0.0916353925334876	0.155332140304701
0.187709842284842	0.13947587325384	0.102698788874413	0.0946820922968488	0.214310679621915	0.127712172167183	0.226039719354472	0.12181252936779	0.0919610612531071	0.160404674410856
0.186287752034187	0.138976100212576	0.101734896229458	0.0952317894395626	0.211125206372312	0.128541945380849	0.227254713192308	0.121604429931477	0.0919736267118554	0.16098550577493
0.186996465313234	0.140306621518798	0.100874633925179	0.0983061037418339	0.212883672156191	0.129746828744939	0.215826463985883	0.121341387110187	0.0919481102359155	0.162934535154717
0.187482151409798	0.14216568421302	0.102005960454992	0.0956949196262725	0.211368720551409	0.131014253195593	0.205326621156293	0.121762272260558	0.0921147082752778	0.162569526656381
0.187954717065442	0.142641614761078	0.102659311628846	0.0939280492706772	0.212201744251678	0.132478051694644	0.210091266232261	0.121176143989184	0.0924014002713151	0.161602355001531
0.199632024246262	0.142051013041043	0.103363308185933	0.0967610387103031	0.215594147200454	0.129918584826385	0.234214183000588	0.121340799520194	0.0934712865874021	0.161718326917527
0.203011682157165	0.141571485679782	0.104423303846617	0.101367099887148	0.211396540684166	0.128787651345895	0.235633624122782	0.121063448240577	0.0934677492982931	0.174428692581601
0.19829943902289	0.141141034231397	0.105883000644808	0.100598812575653	0.2126259802547	0.13180862760083	0.235889682688923	0.121229420762437	0.092331501909968	0.1892794538214
0.198448865515814	0.141140721917287	0.106192963997438	0.100855470556937	0.213574881545346	0.133805421702644	0.233578406221208	0.121217954316548	0.0919267391450376	0.193028692444718
0.203069094603362	0.141430447155631	0.105803931590449	0.101220812685383	0.214151426474801	0.136840101278985	0.233765711043023	0.121285012136638	0.0916891940330135	0.19583280209774
0.216705112047953	0.141807699006105	0.10536526523374	0.101285238668594	0.207891430926952	0.142988466165388	0.233487854335853	0.12145779495817	0.0916754588258812	0.199927714818081
0.245983133450758	0.140563176596232	0.105912739654962	0.102125183685556	0.218326960373927	0.150764415958817	0.228886171293716	0.120897944378641	0.0915994257016619	0.20072743941043
0.253379832504866	0.14455833544511	0.104085972177752	0.103960328073814	0.220982804063224	0.15006520488859	0.242609173680606	0.122215932407432	0.0930226545035431	0.211684481816338
0.281012756932738	0.143234345165297	0.106721979323735	0.116216550325828	0.221464851185765	0.14288892279993	0.23476385620619	0.121847934399181	0.0954598256997037	0.212713529756401
0.281923251226856	0.144804334379165	0.109135981735696	0.115385567220766	0.210933540466883	0.152169182661151	0.242094532293561	0.123352276167421	0.0953886256832773	0.200309401736389
0.291424522156319	0.147044244027906	0.109380873212175	0.112288952611666	0.21490120602575	0.148035692088751	0.250504598871824	0.124091044374827	0.0950311737399505	0.211418844339614
0.30508469841976	0.151882246385589	0.110335025407104	0.105128717027882	0.215133685943563	0.150416776453352	0.269512007918564	0.125123452387324	0.0947906221223299	0.241159658724317
0.407596708748669	0.149760671773908	0.109078724374507	0.12080448481105	0.219905722325401	0.151381658043056	0.240001820752391	0.126948374964117	0.0961239927877281	0.245128013103731
0.443209675347552	0.15101871472023	0.112217768033833	0.12695122477537	0.223056641767248	0.159977548446953	0.257943296949677	0.126965479116275	0.0966752852595248	0.29821250462297
0.469673561179628	0.167034540100572	0.110500404109497	0.130456819894687	0.233982426366255	0.183207604558347	0.310753726148401	0.127437725159269	0.0966190326865399	0.352800020144408
0.523744777307816	0.173717123275341	0.107205772969425	0.135402174670878	0.222229046474051	0.18901588830216	0.302991170568388	0.127151396974485	0.0971190715369356	0.386773566385137
0.55676418644333	0.173042782247587	0.104247306485221	0.12793443704272	0.217461280446	0.198107844355105	0.305549873190356	0.124717114705169	0.0969707834586731	0.366203702695141
0.561789856788112	0.162907215241679	0.103474301767823	0.121472128614456	0.230468393945003	0.204718138809049	0.30027410637764	0.122825269390384	0.093843957037109	0.316635724878209
0.445940894065929	0.16086366799956	0.115994335868372	0.152593305111316	0.265256222089732	0.266446803101047	0.411334349322245	0.126021674814169	0.0959403802130373	0.302941295837328
0.496181274462892	0.181342711886622	0.126112120153093	0.148733115016537	0.256399030122037	0.316204639599232	0.492387085441006	0.13698758105543	0.10816630486696	0.340538525420163
0.484247338418803	0.186057632641976	0.136863911979901	0.156536299032497	0.227797218649963	0.294633359249892	0.429041276214961	0.147439997998146	0.119744356458598	0.327646942293032
0.468852043871868	0.191809395203418	0.130061881824231	0.161368074483478	0.228006561201006	0.301400278562055	0.358275976292219	0.147008023398351	0.11924608604492	0.352841417674193
0.401078709662201	0.208360847541779	0.122295104344281	0.158805776899228	0.229104425673739	0.308077352180507	0.352065669915093	0.146039122006964	0.115163708299892	0.351042017844015
0.421879194124439	0.19447345899031	0.122984132731868	0.146530573580387	0.243392911297353	0.242780421534554	0.3572258381106	0.138747992683744	0.118797725273711	0.376389502590434
0.422797618384238	0.194211710202972	0.116005301533517	0.163451027600407	0.249579714226754	0.315141188281299	0.340395220356208	0.132935144556801	0.141872168610903	0.389061241739791
0.42057900939795	0.193178993411483	0.146074991577525	0.192217152133031	0.254113351513131	0.298946359443375	0.421982273040302	0.136881018781951	0.13043086079929	0.389189751027753
0.370856697003871	0.19006801058872	0.141138462612746	0.171640899290352	0.248210287595208	0.331980559334756	0.418290591089493	0.154097245208353	0.132645627770109	0.358900130794689
0.363400484180191	0.19709788049671	0.117872305401361	0.147493738153262	0.257837607129937	0.290060672945906	0.324500289485448	0.153790458915901	0.151339957498579	0.443665577998442
0.375226365575794	0.209905434674307	0.124099326607636	0.163449881545477	0.2540772351627	0.27411110012711	0.40694288774115	0.152298905842371	0.167438376048603	0.44905460717059
0.399304886776871	0.258157490066058	0.134754592258349	0.177414360187997	0.263760007947795	0.304866955652808	0.496441648461278	0.167902623652717	0.153480981054841	0.420614910324161
0.462624914080005	0.324248810695938	0.193529311544259	0.197403309006641	0.275027049891329	0.240911216279312	0.460767844892457	0.202877929650187	0.132801001478834	0.418110688374819
0.431594237152631	0.334735279702114	0.243216021906372	0.2118406020892	0.320718453230633	0.267370106233824	0.42363077004291	0.225090220420126	0.145298564394999	0.399096414618073
0.393529376919154	0.339334313425149	0.256148216084992	0.243583860893949	0.334101418246054	0.292264511030212	0.431190051415209	0.235450829700104	0.146998735431697	0.393441562759425
0.38898123152663	0.381697387641292	0.200103192044316	0.242609164427923	0.378070184659876	0.298330309392508	0.503973854341541	0.245317713270302	0.139980016825994	0.434184552613798
0.385922890766198	0.428543373190659	0.207279621150669	0.220000712507546	0.421466931489622	0.305907385605751	0.498008921565785	0.247123440238746	0.14380011271854	0.470814167182776
0.385713053354069	0.479781622043731	0.210726258520184	0.230890852742846	0.455388913219584	0.311398441498986	0.437443923478961	0.256154233505729	0.149777690911383	0.456142202536109
0.376782658495721	0.55349023386463	0.268323267921175	0.227546259044412	0.401501874825898	0.322047719772999	0.278766658054873	0.30366000410523	0.152394847377205	0.469216487858455
0.362589914881383	0.522998761097213	0.26470061721624	0.27291716293185	0.385961514096217	0.351463914610434	0.269901741385114	0.278216544027977	0.190799898141494	0.405567133990922
0.354105751221345	0.473834572456124	0.291700234696015	0.273457163987966	0.421157598453935	0.309057108923024	0.258222255267069	0.232075264010722	0.230593736428377	0.353830836954677
0.344929465646736	0.424423066108154	0.294498895156317	0.240612383054181	0.440742052740782	0.264558796802879	0.273178684977275	0.189778080984952	0.250197446318545	0.352382142555643
0.326892051900621	0.505840930635147	0.329914617688293	0.197938219509505	0.497677520068843	0.224614330657548	0.316086729275762	0.162403376260919	0.244826612055574	0.354662212269919
0.342643682731481	0.538565367014229	0.309795133522296	0.200197379082371	0.505482558588885	0.208456369244195	0.317970761877917	0.175707010480332	0.253377060745151	0.393585208798991
0.340531104299197	0.502665470436456	0.322106536612128	0.189755902589695	0.528020806517391	0.220061741252428	0.352290181097285	0.194070238254415	0.299813069974938	0.471996702371107
0.334844277114925	0.436378904972273	0.30641232070898	0.185467014460138	0.449025359791167	0.20239450724075	0.342914362882511	0.238509681213408	0.351172078177768	0.518254774305269
0.326474805695281	0.390015568121644	0.288684213110526	0.180921148157743	0.421859992906809	0.201034621223308	0.317649558743608	0.249292085573284	0.363562998652411	0.552143054189567
0.315692196421437	0.407623545217282	0.270421138614727	0.181927718611779	0.417564873702962	0.214669443773491	0.306838169925441	0.250815697223978	0.364916676998694	0.574048390555676
0.290685122693149	0.44810447524972	0.230934184618067	0.202396343472387	0.48304658072905	0.243992192831194	0.363205290990099	0.265991440613239	0.341620371799981	0.590218768922498
0.285847817499004	0.473364164818025	0.230121750209914	0.213362866154573	0.529007150524036	0.227531538796334	0.409272232338576	0.249092565597933	0.299988281080484	0.569630040312265
0.270560958441709	0.352914282806823	0.266211094849067	0.214964495827937	0.529547392646465	0.157637595623052	0.438316200995334	0.272216543278518	0.223301159752186	0.40130838661049
0.240997443283093	0.372458101247165	0.275159355441671	0.266184996866912	0.513267664273921	0.210608706534081	0.372323834509311	0.350252340245284	0.195545284774746	0.312696640061597
0.216750824991284	0.551154981924384	0.255216940008573	0.305027754192975	0.447256026472925	0.193847160865001	0.380649386924829	0.3072660077487	0.25951398709234	0.323792187124284
0.208650469380767	0.572801033821112	0.250055941002282	0.272574363081229	0.42553929952534	0.179512309370968	0.381635105010678	0.284587564548406	0.275432636775019	0.351929908591051
0.210982694022607	0.510280589735892	0.250167022305868	0.238998082422579	0.391129266786476	0.161386866240677	0.377420856228862	0.256026232650217	0.279513840326439	0.371630101761203
0.19401257554505	0.360911133416038	0.261320960723756	0.226633770902456	0.357960130584137	0.141843230178212	0.390756439282312	0.233411329725882	0.190033517932736	0.364876706882387
0.156406673577374	0.216986131753193	0.209368789333471	0.274246228552218	0.328393572760151	0.110532252732607	0.360326288649802	0.218115831675897	0.143124597805087	0.317303450731312
0.150216422636212	0.221219906128063	0.151003777078066	0.247360926860787	0.37746488495752	0.100868868407168	0.288061391352081	0.193809765589741	0.134973763605406	0.227365178225817
0.129639309985958	0.229916317955075	0.104062210415703	0.20849753762918	0.443531050849226	0.0946142451204949	0.236536585700453	0.207635743096968	0.12750273901848	0.183188453047239
0.132467502648425	0.264705871298235	0.0807326379024618	0.173111585684331	0.430118233227714	0.0990845101552377	0.248981865329282	0.213199997109112	0.13609350292941	0.154609142744356
0.0966372512309229	0.288052948463572	0.0839340832773646	0.205652561532426	0.390832838760992	0.106493629334675	0.259830927092181	0.242049483618449	0.156656664279455	0.163695073872097
0.0872791049694494	0.161452496978804	0.105819410191613	0.234349451094854	0.236810549904425	0.136818861396723	0.302853948348473	0.317802810063883	0.160793694913135	0.173067627101716
0.103546388166177	0.165467592804572	0.109789258304846	0.206518738431311	0.204584124054861	0.119230069410617	0.3330639408317	0.399733337196948	0.191970690651984	0.13516086699085
0.107085644751692	0.198177967070336	0.0817260812752783	0.162390799496126	0.260664375695252	0.0876818341534682	0.300924177382682	0.395099246090023	0.193099834960646	0.104412486345306
0.0790326102281307	0.151427764710857	0.059324132246775	0.143669652190309	0.293997803016446	0.0978431702896604	0.258475162883078	0.320746304870716	0.175647714329656	0.0872226193150481
0.0597891843291791	0.120443976266098	0.0440873505468941	0.169791010150423	0.313641813817997	0.0914358877143311	0.220835928611457	0.246079916219301	0.116914247463627	0.0732649308671714
0.0503165450891682	0.0964766552406374	0.0431466532976217	0.158016567482821	0.316332394073909	0.111420240625604	0.175147772205316	0.192606013577189	0.0871002440764417	0.0528005684736598
0.060725049029528	0.0879194058009958	0.0353822344876311	0.120741169409963	0.326970245547501	0.127494051803196	0.150508829820462	0.139491948075804	0.0837376218719225	0.0398820639830363
0.0660866599965754	0.0894250607853463	0.0294332086692884	0.0922193469355258	0.300541039475342	0.127307164055696	0.162866515075047	0.109391091528464	0.0702635835084493	0.0356795147480138
0.0505701904284432	0.0933095346082706	0.0272798341392026	0.0825288140952088	0.294571182463659	0.101718794431032	0.155432879751252	0.093295617570484	0.0680254790129625	0.0326215727276031
0.0460424403160172	0.0957810937571423	0.0216879483171451	0.0784243409476043	0.284639125742661	0.0773561440870248	0.13454084473587	0.0775243854230989	0.0566152167394795	0.0304562727364903
0.032178592972824	0.0658387863364596	0.0174285367013493	0.0588253301585419	0.337873733322297	0.048683446973374	0.182986412911715	0.0742472386493131	0.0427452807222356	0.0255277956854438
0.0360458939157559	0.0461576469661443	0.017780588528979	0.0518522586323002	0.515305411257394	0.0507443106174086	0.220152579762681	0.0685959854173337	0.0380186863506686	0.0330939669137385
0.0340686042009146	0.0415679675683786	0.0205980034109012	0.0399070433210831	0.590763457163842	0.0497189644094554	0.234363129485184	0.0508890979115893	0.0328920451491883	0.032493956892634
0.0281260232269155	0.0370827082402393	0.0227494250655865	0.0322393809373891	0.612901422369748	0.0463502791921941	0.259018858312912	0.047346472001844	0.0274114286360218	0.0292304304490843
0.0188807059624772	0.0342369430047071	0.0201796911510401	0.039010184328027	0.520970778415123	0.0594726409420857	0.320754403203324	0.0437078498996083	0.0254166650506849	0.0269425155904531
0.022080581021979	0.0296262896463087	0.0168022842044779	0.0418498034800915	0.383690899978152	0.0602864156624876	0.341634263450319	0.0423480024223731	0.0228258372783164	0.0223476853843134
0.0218039486539063	0.0273847324966338	0.0160188873631028	0.0407323353884949	0.318033944356646	0.0528610527320711	0.306325460642674	0.0458579904555044	0.0249729357411057	0.0155194587954707
0.0228201848087786	0.0294699792833223	0.0150589606420399	0.0391173039899356	0.249688363064534	0.0468635829980335	0.246139621130902	0.0497664136343051	0.0233950203094569	0.0116237487629501
0.0237427442534524	0.0319326074478959	0.0143373540120727	0.0357495250988653	0.221567991894644	0.0446689630121377	0.209463211465426	0.0490003073592095	0.0217615327314115	0.0105963042779311
0.0271877433598094	0.0323998013754771	0.0133050744386983	0.035040156482923	0.21526217670978	0.0438854287867829	0.17313144432879	0.0463963415621141	0.0198127278109438	0.00984244594012036
0.0319205305941297	0.0283775819831637	0.0105692968242383	0.0338986224352267	0.214158482355722	0.0430764844143371	0.119620747990154	0.0374881556883409	0.0155533629776064	0.00878314613412172
0.0327135093119792	0.0258452012010866	0.00946739976620674	0.0289028828181926	0.206797757995224	0.0421408689499909	0.0947949658636573	0.0366107643542967	0.0126396327059958	0.00780581098350542
0.0295728862049583	0.0221406930848305	0.00798324332712726	0.0246907404732219	0.195039824383898	0.0387282066153899	0.0769844677287699	0.0351511841361692	0.010678772900699	0.00667971907517695
0.0237115594057077	0.0212813783543302	0.00749045660778334	0.0197268711789428	0.181201590367225	0.032419901455345	0.0678807542088925	0.0322187701400397	0.0101619594836167	0.00546770697076223
0.0196404713990683	0.0191746752349181	0.00650160972590098	0.0159081530242959	0.167188480632849	0.0290323723490694	0.0700405583659032	0.028348764245176	0.00932469856083361	0.00522475242501967
0.0153100598299619	0.0163756778706037	0.00480429331218769	0.015068838086445	0.153984352194569	0.0256833589527983	0.0686176248929764	0.0240109021197187	0.00833211867978497	0.00502998498486592
0.0132795461949163	0.0147608340898698	0.00530239562047188	0.0123258900961964	0.141888176923848	0.0219164634212842	0.0764492485507909	0.0195977128993537	0.00729431968712114	0.00453782644922695
0.0107448985507729	0.0115400217641763	0.00532490549749847	0.00726209498869814	0.115618159178743	0.0142097543786132	0.0671709723999049	0.0155034804265659	0.00558648106215412	0.00326050670789893
0.0101841448812137	0.00805251235174913	0.00403201194783034	0.0061733090408643	0.11104452754039	0.0110292846410221	0.0572018902870624	0.0127766082275453	0.00455711362241148	0.00268994853980923
0.00843063594990909	0.0066173791253734	0.00342402322491364	0.00541180911001069	0.0998872954326234	0.00818454821935501	0.0458668962110041	0.0103106583254221	0.00363431423186088	0.00216356442738555
0.00627646788593715	0.00567351612913432	0.00291370514018767	0.00440285871488729	0.0834082641799875	0.00602054426888552	0.0379220083772354	0.00822257984752761	0.00293515411405066	0.00174805396578097
0.00480421373612043	0.00499869465047275	0.00192350899526343	0.00327519667581826	0.0797171068847675	0.00436339070497968	0.0340433340905124	0.00652421551523968	0.00254633413148638	0.00143942897068249
0.00463264639456832	0.00440585393374764	0.00149250787176001	0.00256797344292531	0.0725655103097999	0.00327841743615506	0.0278339388645029	0.0051786108460411	0.00226829629658995	0.00121300757032851
0.00418115229073923	0.0038901874475943	0.00124861430342192	0.00217728710815755	0.067726454103383	0.00318824555468124	0.0232814617701422	0.00443708914553824	0.0020328304524601	0.00105364894159935
0.00391362312381783	0.00344421854157767	0.00100232865745828	0.00189222982017371	0.0615054729884312	0.00297289741050198	0.0219095939042668	0.0037863663410684	0.00185354866472059	0.000923058213447395
0.00381032577664815	0.00305973270624474	0.000855255346071425	0.00170246228193367	0.0540315652447641	0.00265029096549469	0.0198729376089523	0.00337471591766515	0.00179723719898109	0.000816336715259575
0.00345600032858471	0.00272807124254047	0.000749826366263319	0.0015553668617086	0.0463532398791559	0.00228241912478577	0.0175370976590748	0.00301648825823614	0.00171079961281362	0.000730967107196413
0.0023622525653928	0.00219423548476322	0.000573942515391734	0.0013044207681292	0.0336726988548416	0.00160004303388053	0.0129668016487754	0.00243346353144043	0.00150014289041938	0.000602964281779547
0.00168528456903339	0.00179253782022066	0.000448110654260266	0.00107543588614967	0.0268884008624238	0.00149224457003642	0.00929699587992312	0.00208625805637804	0.00128462655175379	0.000507479594554527
0.00132484941638573	0.00148608172581703	0.000361420115111594	0.000885608220895396	0.0215675488186593	0.00128076926533883	0.0066577762874181	0.00173474270853753	0.00108960094268099	0.000433165206102091
0.00101661616618321	0.00124887453136317	0.000306835569009018	0.000745398214377162	0.0174905159559976	0.00103935981510285	0.00539316311835015	0.00142629835757856	0.0009224526581684	0.000373846803448972
0.00080114274425276	0.00106256964998543	0.000259403417450618	0.000645403034571538	0.0143663771490599	0.00082109691537428	0.00475122307414883	0.00120166148945839	0.000782407810947627	0.000325691003243061
0.00043395292711115	0.000547104382883	0.000149682211318649	0.00037218176092293	0.00696104347610935	0.00046977719684761	0.00236691102694032	0.000643631864555946	0.000403211883922746	0.000182187297066905
