1.994447410106658936e-01
1.988274753093719482e-01
1.998824179172515869e-01
2.014895826578140259e-01
2.075354754924774170e-01
2.068333625793457031e-01
2.073480486869812012e-01
2.095967382192611694e-01
2.088437974452972412e-01
2.046039402484893799e-01
2.169327884912490845e-01
2.342695146799087524e-01
2.387037277221679688e-01
2.425493597984313965e-01
2.425194084644317627e-01
2.443201392889022827e-01
2.510397136211395264e-01
2.458609491586685181e-01
2.229390442371368408e-01
2.415473163127899170e-01
2.707671225070953369e-01
2.945241332054138184e-01
3.152270913124084473e-01
3.937386572360992432e-01
4.297589063644409180e-01
4.209816455841064453e-01
4.387773275375366211e-01
3.733890950679779053e-01
4.025578498840332031e-01
3.801817595958709717e-01
4.120265841484069824e-01
4.285984933376312256e-01
4.799695312976837158e-01
4.618190228939056396e-01
4.928907155990600586e-01
4.622375369071960449e-01
4.979386031627655029e-01
5.212282538414001465e-01
5.143758058547973633e-01
5.516968369483947754e-01
5.049784183502197266e-01
4.597699344158172607e-01
5.259967446327209473e-01
5.582805871963500977e-01
5.615432858467102051e-01
5.176943540573120117e-01
5.058003067970275879e-01
4.597572088241577148e-01
4.824619889259338379e-01
4.993243515491485596e-01
5.295327901840209961e-01
5.694608092308044434e-01
5.797261595726013184e-01
5.734831690788269043e-01
5.773180127143859863e-01
5.939900279045104980e-01
5.567630529403686523e-01
4.681737422943115234e-01
4.549722373485565186e-01
3.638987243175506592e-01
4.207040071487426758e-01
5.097153782844543457e-01
4.324559569358825684e-01
4.006264805793762207e-01
3.788220286369323730e-01
3.486388623714447021e-01
2.668760418891906738e-01
2.593632638454437256e-01
2.534491717815399170e-01
2.619731426239013672e-01
2.953453361988067627e-01
2.484206855297088623e-01
1.847435981035232544e-01
1.630410552024841309e-01
1.351920217275619507e-01
9.903971850872039795e-02
9.700431674718856812e-02
9.878837317228317261e-02
1.059818118810653687e-01
9.505433589220046997e-02
9.653542190790176392e-02
9.263980388641357422e-02
8.766970783472061157e-02
8.629506081342697144e-02
7.214450091123580933e-02
5.948089435696601868e-02
5.580637603998184204e-02
5.044694244861602783e-02
3.922178968787193298e-02
3.190065920352935791e-02
2.868033200502395630e-02
2.722274325788021088e-02
2.542405948042869568e-02
2.230286970734596252e-02
1.997959055006504059e-02
1.450663246214389801e-02
1.198981609195470810e-02
1.025701500475406647e-02
1.111449487507343292e-02
1.230403687804937363e-02
1.187515072524547577e-02
1.018358860164880753e-02
8.785415440797805786e-03
7.209446281194686890e-03
6.714234594255685806e-03
5.812594667077064514e-03
4.670959897339344025e-03
3.688762895762920380e-03
2.838315907865762711e-03
2.251237165182828903e-03
1.043538562953472137e-03
