2.024100124835968018e-01
2.109068930149078369e-01
2.169789224863052368e-01
2.108211666345596313e-01
2.089532911777496338e-01
2.075677514076232910e-01
2.105934470891952515e-01
2.195957303047180176e-01
2.213901281356811523e-01
2.200458943843841553e-01
2.124380022287368774e-01
2.187518477439880371e-01
2.248689234256744385e-01
2.274345606565475464e-01
2.382053732872009277e-01
2.444660663604736328e-01
2.377122044563293457e-01
2.341988384723663330e-01
2.476358711719512939e-01
2.538098990917205811e-01
2.542386651039123535e-01
2.633373737335205078e-01
3.066053986549377441e-01
2.988766431808471680e-01
3.453075885772705078e-01
3.579159379005432129e-01
3.899873495101928711e-01
4.483477473258972168e-01
4.666229188442230225e-01
4.594983458518981934e-01
4.372062683105468750e-01
4.460124969482421875e-01
3.550708293914794922e-01
3.647674322128295898e-01
4.182119965553283691e-01
4.600602984428405762e-01
4.807849228382110596e-01
5.671898126602172852e-01
5.164021253585815430e-01
4.952794015407562256e-01
5.059407353401184082e-01
5.068056583404541016e-01
5.698826909065246582e-01
5.646229386329650879e-01
5.160003900527954102e-01
4.476107358932495117e-01
4.238396883010864258e-01
3.941793739795684814e-01
3.843092322349548340e-01
4.365450441837310791e-01
5.015212297439575195e-01
4.764805138111114502e-01
4.878784120082855225e-01
4.848042726516723633e-01
4.641904532909393311e-01
4.943084716796875000e-01
5.340994000434875488e-01
4.144475460052490234e-01
4.509066045284271240e-01
4.265608489513397217e-01
4.550587534904479980e-01
4.641357362270355225e-01
3.664864301681518555e-01
4.084846973419189453e-01
3.485302031040191650e-01
3.968079090118408203e-01
4.220340251922607422e-01
3.665628433227539062e-01
2.804929316043853760e-01
2.911529541015625000e-01
2.662692964076995850e-01
2.437910288572311401e-01
2.279786765575408936e-01
2.045544087886810303e-01
1.617455035448074341e-01
1.200878098607063293e-01
1.232435628771781921e-01
1.640585064888000488e-01
1.535767912864685059e-01
1.019314005970954895e-01
7.867962867021560669e-02
7.937760651111602783e-02
7.771322876214981079e-02
6.414295732975006104e-02
5.839702859520912170e-02
6.124401092529296875e-02
6.117087975144386292e-02
5.987348034977912903e-02
4.987070709466934204e-02
5.081795901060104370e-02
5.297563225030899048e-02
4.378615319728851318e-02
3.231336548924446106e-02
2.530502155423164368e-02
2.220415323972702026e-02
2.230818383395671844e-02
2.191279456019401550e-02
2.074946276843547821e-02
1.633792556822299957e-02
1.251066476106643677e-02
1.065498497337102890e-02
9.514983743429183960e-03
8.026649244129657745e-03
6.954646669328212738e-03
5.502493586391210556e-03
4.700092598795890808e-03
3.372323932126164436e-03
2.544359769672155380e-03
2.073100535199046135e-03
1.666663680225610733e-03
8.689075475558638573e-04
