2.396067380905151367e-01
2.483406215906143188e-01
2.397303879261016846e-01
2.400076538324356079e-01
2.377265542745590210e-01
2.388861775398254395e-01
2.378710061311721802e-01
2.427605390548706055e-01
2.524988949298858643e-01
2.568221390247344971e-01
2.647084295749664307e-01
2.617623209953308105e-01
2.592492401599884033e-01
2.590962946414947510e-01
2.458735108375549316e-01
2.392747253179550171e-01
2.398345172405242920e-01
2.793706059455871582e-01
2.804970145225524902e-01
2.698206901550292969e-01
2.545373737812042236e-01
2.660803198814392090e-01
2.874071598052978516e-01
2.841748595237731934e-01
3.207706212997436523e-01
3.330217599868774414e-01
3.173064589500427246e-01
3.700648546218872070e-01
4.595263004302978516e-01
5.646268129348754883e-01
5.381454825401306152e-01
4.688532948493957520e-01
4.835088849067687988e-01
4.750962853431701660e-01
4.700376391410827637e-01
4.358692765235900879e-01
4.607828259468078613e-01
5.424135327339172363e-01
5.030266642570495605e-01
5.007709264755249023e-01
4.792923331260681152e-01
4.237219393253326416e-01
4.289405345916748047e-01
4.864574670791625977e-01
5.668979287147521973e-01
6.443523764610290527e-01
6.415113806724548340e-01
7.246210575103759766e-01
7.533010840415954590e-01
5.956501364707946777e-01
5.676570534706115723e-01
5.568780303001403809e-01
4.371838569641113281e-01
4.303785562515258789e-01
4.609292447566986084e-01
4.994898736476898193e-01
5.097587108612060547e-01
5.860337615013122559e-01
5.280994176864624023e-01
4.053517580032348633e-01
4.180702865123748779e-01
4.127506315708160400e-01
4.061103761196136475e-01
4.162437617778778076e-01
4.134824872016906738e-01
3.451705276966094971e-01
3.618921935558319092e-01
3.721777200698852539e-01
3.488211631774902344e-01
2.956224679946899414e-01
2.702649533748626709e-01
2.248933613300323486e-01
1.973026543855667114e-01
1.500877737998962402e-01
1.285558640956878662e-01
1.379052400588989258e-01
1.309413313865661621e-01
1.145850792527198792e-01
7.881215959787368774e-02
1.034273654222488403e-01
1.156835332512855530e-01
1.211522743105888367e-01
1.188474595546722412e-01
9.504014253616333008e-02
7.832750678062438965e-02
7.200540602207183838e-02
7.208837568759918213e-02
7.045860588550567627e-02
6.787473708391189575e-02
6.279167532920837402e-02
5.724260956048965454e-02
4.915426298975944519e-02
4.120345041155815125e-02
3.478560596704483032e-02
2.951237000524997711e-02
2.373030409216880798e-02
2.049577794969081879e-02
1.849241182208061218e-02
2.030478045344352722e-02
2.001621946692466736e-02
1.872099004685878754e-02
1.794454082846641541e-02
1.833621598780155182e-02
1.760753244161605835e-02
1.507946942001581192e-02
1.168590970337390900e-02
7.861884310841560364e-03
6.406865548342466354e-03
5.061945877969264984e-03
3.832374000921845436e-03
1.673943013884127140e-03
