1.850799769163131714e-01
1.964283287525177002e-01
1.903362572193145752e-01
1.996321529150009155e-01
2.104631960391998291e-01
2.009498625993728638e-01
1.950445473194122314e-01
1.979194432497024536e-01
2.075936794281005859e-01
2.297940403223037720e-01
2.313243299722671509e-01
2.273344844579696655e-01
2.183001041412353516e-01
2.054058760404586792e-01
1.882720589637756348e-01
1.931471228599548340e-01
1.961738765239715576e-01
1.890403032302856445e-01
2.075589746236801147e-01
2.273581475019454956e-01
2.347283661365509033e-01
2.461986690759658813e-01
2.298336029052734375e-01
2.378528863191604614e-01
2.531973421573638916e-01
2.655437588691711426e-01
2.552124261856079102e-01
2.670381367206573486e-01
2.957220375537872314e-01
3.325364291667938232e-01
3.216684162616729736e-01
3.025544881820678711e-01
3.190892636775970459e-01
3.282715082168579102e-01
3.989370167255401611e-01
4.622929692268371582e-01
4.900082349777221680e-01
5.173768997192382812e-01
5.622281432151794434e-01
4.687627255916595459e-01
4.783402085304260254e-01
5.008907914161682129e-01
4.828169643878936768e-01
4.709102809429168701e-01
4.889125525951385498e-01
4.674484729766845703e-01
4.888925552368164062e-01
4.473786950111389160e-01
4.239070117473602295e-01
4.528621733188629150e-01
5.074534416198730469e-01
6.178572773933410645e-01
6.573729515075683594e-01
6.193042397499084473e-01
5.424684286117553711e-01
5.373225212097167969e-01
6.153216361999511719e-01
6.001948714256286621e-01
4.860371053218841553e-01
5.477606058120727539e-01
5.076923370361328125e-01
4.023182690143585205e-01
3.965861797332763672e-01
4.433753192424774170e-01
4.011070728302001953e-01
3.271660208702087402e-01
2.979837357997894287e-01
3.087469935417175293e-01
3.170286118984222412e-01
2.593276500701904297e-01
2.280007004737854004e-01
2.565331161022186279e-01
2.260995507240295410e-01
1.897621750831604004e-01
1.663752049207687378e-01
1.501770764589309692e-01
1.416324824094772339e-01
1.420398056507110596e-01
1.836418956518173218e-01
2.104053050279617310e-01
1.994215399026870728e-01
1.717812120914459229e-01
1.179238632321357727e-01
9.783672541379928589e-02
8.834007382392883301e-02
9.179273247718811035e-02
8.877384662628173828e-02
8.825468271970748901e-02
9.025063365697860718e-02
8.256578445434570312e-02
7.033853977918624878e-02
5.810234323143959045e-02
4.818484187126159668e-02
4.084619507193565369e-02
3.572259843349456787e-02
3.239186480641365051e-02
4.208891093730926514e-02
4.775720462203025818e-02
3.791363537311553955e-02
2.553230524063110352e-02
2.087856456637382507e-02
1.801696233451366425e-02
1.505072694271802902e-02
1.228451915085315704e-02
9.917696006596088409e-03
7.746689021587371826e-03
6.270655896514654160e-03
5.077140871435403824e-03
4.213951993733644485e-03
3.515722462907433510e-03
1.693323371000587940e-03
