4.754948914051055908e-01
5.973401665687561035e-01
4.854521155357360840e-01
4.487530589103698730e-01
4.209516346454620361e-01
4.336420595645904541e-01
4.276817440986633301e-01
4.379434287548065186e-01
5.114829540252685547e-01
6.080980896949768066e-01
5.727877616882324219e-01
5.200983285903930664e-01
4.722562432289123535e-01
4.671171605587005615e-01
5.369206666946411133e-01
5.353834629058837891e-01
4.963784813880920410e-01
4.667431414127349854e-01
4.406033754348754883e-01
4.981850981712341309e-01
5.516437888145446777e-01
6.272132992744445801e-01
6.384386420249938965e-01
5.962265729904174805e-01
5.196802020072937012e-01
3.902474343776702881e-01
2.973112463951110840e-01
2.645787000656127930e-01
2.885663807392120361e-01
2.799825668334960938e-01
2.661793828010559082e-01
2.914253473281860352e-01
3.368148207664489746e-01
3.049713373184204102e-01
2.597634792327880859e-01
2.322306483983993530e-01
