5.226032137870788574e-01
6.521016955375671387e-01
6.344120502471923828e-01
5.664579272270202637e-01
5.347827076911926270e-01
5.376077294349670410e-01
5.391393899917602539e-01
5.280754566192626953e-01
3.976498544216156006e-01
4.069522917270660400e-01
5.064591169357299805e-01
5.884142518043518066e-01
5.685259103775024414e-01
5.487798452377319336e-01
5.440735220909118652e-01
5.487229228019714355e-01
4.878559410572052002e-01
4.246644377708435059e-01
4.218721985816955566e-01
4.580665528774261475e-01
3.863883614540100098e-01
5.061777234077453613e-01
5.129755735397338867e-01
4.922559261322021484e-01
4.760977029800415039e-01
4.344722628593444824e-01
4.738060534000396729e-01
3.824455738067626953e-01
3.668661713600158691e-01
2.953341007232666016e-01
3.190422654151916504e-01
3.190855383872985840e-01
2.623322010040283203e-01
2.250388562679290771e-01
2.288452833890914917e-01
2.616885304450988770e-01
