4.918417930603027344e-01
5.513261556625366211e-01
5.034399628639221191e-01
4.931113719940185547e-01
5.020391941070556641e-01
5.801686048507690430e-01
6.022111773490905762e-01
5.935307145118713379e-01
5.428755879402160645e-01
4.823112487792968750e-01
4.771763980388641357e-01
4.847188591957092285e-01
5.098286867141723633e-01
5.758032798767089844e-01
7.035412788391113281e-01
7.345874905586242676e-01
6.932489275932312012e-01
6.463269591331481934e-01
5.839949846267700195e-01
5.946160554885864258e-01
5.919489264488220215e-01
4.797388315200805664e-01
5.130363702774047852e-01
5.075649023056030273e-01
4.887711405754089355e-01
4.709399044513702393e-01
4.409592449665069580e-01
3.940485715866088867e-01
3.263851404190063477e-01
2.893133461475372314e-01
3.096916079521179199e-01
3.134078979492187500e-01
3.182729780673980713e-01
2.835443019866943359e-01
2.099002599716186523e-01
1.515102982521057129e-01
