8.502755314111709595e-02 3.688205480575561523e+00 3.773232936859130859e+00
1.466911882162094116e-01 2.597738742828369141e+00 2.744429826736450195e+00
1.202037930488586426e-01 7.037802338600158691e-01 8.239840269088745117e-01
1.516645699739456177e-01 5.781555771827697754e-01 7.298201322555541992e-01
1.561343967914581299e-01 4.555680453777313232e-01 6.117024421691894531e-01
1.510793268680572510e-01 2.236360013484954834e-01 3.747153282165527344e-01
1.433985382318496704e-01 1.633770018815994263e-01 3.067755401134490967e-01
1.371318399906158447e-01 1.964726895093917847e-01 3.336045145988464355e-01
1.336418539285659790e-01 2.118114829063415527e-01 3.454533219337463379e-01
1.331576108932495117e-01 1.819877475500106812e-01 3.151453733444213867e-01
1.351561844348907471e-01 1.248185411095619202e-01 2.599747180938720703e-01
1.389369368553161621e-01 8.404798060655593872e-02 2.229849100112915039e-01
1.430828422307968140e-01 8.579896390438079834e-02 2.288818061351776123e-01
1.458902060985565186e-01 1.100725829601287842e-01 2.559627890586853027e-01
1.461562365293502808e-01 1.150660440325737000e-01 2.612222731113433838e-01
1.437730342149734497e-01 8.594681322574615479e-02 2.297198474407196045e-01
1.396825611591339111e-01 4.642895236611366272e-02 1.861115097999572754e-01
1.351906806230545044e-01 2.677162364125251770e-02 1.619623005390167236e-01
1.314390301704406738e-01 3.424257040023803711e-02 1.656816005706787109e-01
1.291111260652542114e-01 5.126303434371948242e-02 1.803741604089736938e-01
1.283672899007797241e-01 5.790883302688598633e-02 1.862761229276657104e-01
1.289593726396560669e-01 4.996131360530853271e-02 1.789206862449645996e-01
1.303638517856597900e-01 3.686707839369773865e-02 1.672309339046478271e-01
1.318885833024978638e-01 2.779828011989593506e-02 1.596868634223937988e-01
1.328496485948562622e-01 2.330225333571434021e-02 1.561519056558609009e-01
1.328320950269699097e-01 2.007684856653213501e-02 1.529089510440826416e-01
1.318486779928207397e-01 1.778297126293182373e-02 1.496316492557525635e-01
1.306267380714416504e-01 1.855285838246345520e-02 1.491795927286148071e-01
1.293174773454666138e-01 1.889392547309398651e-02 1.482114046812057495e-01
1.281629949808120728e-01 1.676910743117332458e-02 1.449321061372756958e-01
1.273857951164245605e-01 1.311355456709861755e-02 1.404993534088134766e-01
1.270534545183181763e-01 1.056289672851562500e-02 1.376163512468338013e-01
1.270825117826461792e-01 1.071238610893487930e-02 1.377948969602584839e-01
1.272756606340408325e-01 1.225345581769943237e-02 1.395291090011596680e-01
1.274045556783676147e-01 1.243016030639410019e-02 1.398347169160842896e-01
1.272960454225540161e-01 1.004245039075613022e-02 1.373384892940521240e-01
1.268848478794097900e-01 6.507547572255134583e-03 1.333923935890197754e-01
1.262129396200180054e-01 4.161221440881490707e-03 1.303741633892059326e-01
1.253926008939743042e-01 4.008958581835031509e-03 1.294015645980834961e-01
1.245494261384010315e-01 5.215876270085573196e-03 1.297653019428253174e-01
