4.679319858551025391e-01
5.424392819404602051e-01
4.260264337062835693e-01
4.057617485523223877e-01
3.911975324153900146e-01
4.752543270587921143e-01
4.929435253143310547e-01
5.003500580787658691e-01
4.344347715377807617e-01
4.457563161849975586e-01
4.577238857746124268e-01
4.305164813995361328e-01
4.530013799667358398e-01
4.844370484352111816e-01
5.021207928657531738e-01
5.997915267944335938e-01
6.153699159622192383e-01
6.066681146621704102e-01
5.462944507598876953e-01
4.743214249610900879e-01
5.477675199508666992e-01
5.196532011032104492e-01
4.577569663524627686e-01
4.362464249134063721e-01
3.933302164077758789e-01
3.626654744148254395e-01
4.517553746700286865e-01
4.261048734188079834e-01
3.871654868125915527e-01
3.508737385272979736e-01
3.185801208019256592e-01
3.232000172138214111e-01
3.070988357067108154e-01
2.792759239673614502e-01
2.301047295331954956e-01
1.995332986116409302e-01
