5.22074580192565E-01
5.94776630401611E-01
4.48700219392776E-01
4.26852017641067E-01
4.71197098493576E-01
5.37377595901489E-01
5.59178471565246E-01
5.96238672733306E-01
5.74006974697113E-01
6.27552986145019E-01
5.79390048980712E-01
5.49528896808624E-01
5.77083885669708E-01
5.87404191493988E-01
6.59623444080352E-01
6.45560920238494E-01
6.05921089649200E-01
5.83126306533813E-01
5.69485187530517E-01
6.23550593852996E-01
6.46623134613037E-01
6.49219214916229E-01
6.53567314147949E-01
6.20801389217376E-01
5.55613040924072E-01
3.83203744888305E-01
2.91135281324386E-01
2.88558632135391E-01
2.98239231109619E-01
3.04820656776428E-01
3.14555794000625E-01
2.98363298177719E-01
3.23355555534362E-01
3.41947764158248E-01
3.40956211090087E-01
3.35692077875137E-01
