1.915024816989898682e-01
1.963948458433151245e-01
1.943095922470092773e-01
1.928469687700271606e-01
1.928586661815643311e-01
1.922638118267059326e-01
2.020706385374069214e-01
2.067771703004837036e-01
2.052574008703231812e-01
2.316408753395080566e-01
2.174253165721893311e-01
2.067615985870361328e-01
2.165445387363433838e-01
2.224932461977005005e-01
2.283348292112350464e-01
2.581791579723358154e-01
2.570564746856689453e-01
2.495875209569931030e-01
2.703592479228973389e-01
2.790814638137817383e-01
2.902418076992034912e-01
2.990476489067077637e-01
3.370873034000396729e-01
3.478052616119384766e-01
3.126603960990905762e-01
3.522869050502777100e-01
3.258206248283386230e-01
3.496961593627929688e-01
3.758955895900726318e-01
3.302279114723205566e-01
3.464067280292510986e-01
3.674079477787017822e-01
3.751748800277709961e-01
3.457065820693969727e-01
3.781644999980926514e-01
5.199047327041625977e-01
5.461575984954833984e-01
5.396365523338317871e-01
6.838783025741577148e-01
6.383322477340698242e-01
5.817009210586547852e-01
5.501910448074340820e-01
4.510178565979003906e-01
5.255388617515563965e-01
5.368514657020568848e-01
4.313123822212219238e-01
4.010363817214965820e-01
4.044833779335021973e-01
4.170596599578857422e-01
5.352802276611328125e-01
5.534149408340454102e-01
4.766089022159576416e-01
4.314829111099243164e-01
4.656565189361572266e-01
4.885338842868804932e-01
5.214213132858276367e-01
5.514272451400756836e-01
6.204246878623962402e-01
5.474459528923034668e-01
3.896839618682861328e-01
4.497440457344055176e-01
4.762293398380279541e-01
3.944328725337982178e-01
4.338081777095794678e-01
3.809973001480102539e-01
3.744015097618103027e-01
3.719310164451599121e-01
3.345026969909667969e-01
3.099319040775299072e-01
2.828949093818664551e-01
2.535728216171264648e-01
2.321778386831283569e-01
2.186237871646881104e-01
1.734239459037780762e-01
1.808398216962814331e-01
1.739662438631057739e-01
1.463065296411514282e-01
1.457141488790512085e-01
1.175120249390602112e-01
1.032059714198112488e-01
9.635414928197860718e-02
1.008413881063461304e-01
1.320960819721221924e-01
1.595267951488494873e-01
1.291927248239517212e-01
8.420510590076446533e-02
7.389757037162780762e-02
7.338082790374755859e-02
7.520742714405059814e-02
6.185157969594001770e-02
6.082211807370185852e-02
5.693960562348365784e-02
5.187189579010009766e-02
4.725760221481323242e-02
4.563703760504722595e-02
5.459654703736305237e-02
6.167581304907798767e-02
5.805905535817146301e-02
5.766447633504867554e-02
5.144261941313743591e-02
4.521410167217254639e-02
3.627096861600875854e-02
3.174177557229995728e-02
2.759579010307788849e-02
2.330928854644298553e-02
1.845894195139408112e-02
1.496625319123268127e-02
1.206964161247014999e-02
9.726583957672119141e-03
7.820734754204750061e-03
3.054219065234065056e-03
