4.470147490501403809e-01
5.419207811355590820e-01
5.058212876319885254e-01
4.772773385047912598e-01
4.730328917503356934e-01
4.594605565071105957e-01
4.830732345581054688e-01
4.382283091545104980e-01
3.470463752746582031e-01
3.901230394840240479e-01
4.102382063865661621e-01
4.818154573440551758e-01
5.269216895103454590e-01
6.358456611633300781e-01
6.464597582817077637e-01
5.829769372940063477e-01
5.250253081321716309e-01
5.018939375877380371e-01
5.803951621055603027e-01
5.248316526412963867e-01
4.994920790195465088e-01
4.022307991981506348e-01
3.083250522613525391e-01
3.218044042587280273e-01
3.905482590198516846e-01
4.322791099548339844e-01
3.745339512825012207e-01
4.024200439453125000e-01
3.841103315353393555e-01
3.853665888309478760e-01
3.709405064582824707e-01
3.126866519451141357e-01
2.515645623207092285e-01
2.156772315502166748e-01
1.758780032396316528e-01
1.682325005531311035e-01
