4.783495962619781494e-01
6.074028611183166504e-01
5.610188245773315430e-01
5.172916650772094727e-01
5.071930289268493652e-01
4.892792701721191406e-01
4.365944564342498779e-01
4.311698377132415771e-01
3.740349113941192627e-01
4.408830404281616211e-01
5.038339495658874512e-01
5.831596255302429199e-01
5.306294560432434082e-01
5.650818347930908203e-01
5.498364567756652832e-01
5.324531197547912598e-01
4.594171345233917236e-01
4.219686686992645264e-01
4.165512919425964355e-01
4.560534060001373291e-01
4.203990399837493896e-01
4.737556874752044678e-01
4.679492115974426270e-01
4.391129612922668457e-01
4.165008366107940674e-01
4.766310751438140869e-01
5.021363496780395508e-01
3.879945278167724609e-01
3.631071448326110840e-01
2.972425520420074463e-01
2.683510780334472656e-01
2.924781143665313721e-01
2.681125700473785400e-01
2.150831669569015503e-01
2.071913182735443115e-01
2.425054311752319336e-01
