2.366673350334167480e-01
2.363635152578353882e-01
2.415541708469390869e-01
2.413285672664642334e-01
2.431119978427886963e-01
2.439168393611907959e-01
2.478677034378051758e-01
2.462607026100158691e-01
2.459001541137695312e-01
2.394064962863922119e-01
2.355842888355255127e-01
2.419716119766235352e-01
2.469850331544876099e-01
2.489206939935684204e-01
2.567447423934936523e-01
2.536048591136932373e-01
2.340166568756103516e-01
2.714076042175292969e-01
2.549419999122619629e-01
2.652673423290252686e-01
2.846943736076354980e-01
2.858135998249053955e-01
2.844094932079315186e-01
2.903023958206176758e-01
3.145769238471984863e-01
3.788515925407409668e-01
4.092345535755157471e-01
3.695406317710876465e-01
2.798552215099334717e-01
3.180919289588928223e-01
3.575434982776641846e-01
4.289448261260986328e-01
3.671243190765380859e-01
3.940445780754089355e-01
4.286192655563354492e-01
4.360464215278625488e-01
4.657990932464599609e-01
5.185216665267944336e-01
6.141800284385681152e-01
5.002015233039855957e-01
4.900097846984863281e-01
4.983327984809875488e-01
4.633147716522216797e-01
5.099586248397827148e-01
5.295388102531433105e-01
5.265966653823852539e-01
4.342707395553588867e-01
4.704179167747497559e-01
4.833530187606811523e-01
5.169662833213806152e-01
5.369250774383544922e-01
4.109375476837158203e-01
3.615244328975677490e-01
3.770936727523803711e-01
4.170083701610565186e-01
5.348680615425109863e-01
5.629438161849975586e-01
6.190528273582458496e-01
5.500668883323669434e-01
5.180858969688415527e-01
4.940623044967651367e-01
4.701323807239532471e-01
4.698527455329895020e-01
4.294446408748626709e-01
3.288731873035430908e-01
3.174539208412170410e-01
3.585183322429656982e-01
3.299082517623901367e-01
2.867871224880218506e-01
2.892294824123382568e-01
2.577987015247344971e-01
2.327043265104293823e-01
2.033050209283828735e-01
1.336525380611419678e-01
1.177042648196220398e-01
1.254497915506362915e-01
1.309563368558883667e-01
1.212262436747550964e-01
8.530116826295852661e-02
8.110929280519485474e-02
9.159909933805465698e-02
8.918546140193939209e-02
8.369635790586471558e-02
9.046459197998046875e-02
8.291575312614440918e-02
7.111050933599472046e-02
6.854486465454101562e-02
6.396194547414779663e-02
6.124878302216529846e-02
6.009428948163986206e-02
6.270530819892883301e-02
6.674639135599136353e-02
6.741636246442794800e-02
6.457235664129257202e-02
6.362421810626983643e-02
4.224855452775955200e-02
3.713530674576759338e-02
3.518351912498474121e-02
3.151145204901695251e-02
2.643682248890399933e-02
2.068859338760375977e-02
1.942046917974948883e-02
1.718878187239170074e-02
1.564298570156097412e-02
1.436550728976726532e-02
1.165484264492988586e-02
9.054796770215034485e-03
6.923580076545476913e-03
5.216278135776519775e-03
4.500606097280979156e-03
2.415913855656981468e-03
