2.514853775501251221e-01
2.646189332008361816e-01
2.696935534477233887e-01
2.526174485683441162e-01
2.599489688873291016e-01
2.621129751205444336e-01
2.588453590869903564e-01
2.662475407123565674e-01
2.626835703849792480e-01
2.627618908882141113e-01
2.706117630004882812e-01
2.679311335086822510e-01
2.648345530033111572e-01
2.610645294189453125e-01
2.643359303474426270e-01
2.682037949562072754e-01
2.748421132564544678e-01
2.745706439018249512e-01
2.709833979606628418e-01
2.940873205661773682e-01
2.974665760993957520e-01
3.279142975807189941e-01
3.186883926391601562e-01
2.809064090251922607e-01
3.119747042655944824e-01
3.193356990814208984e-01
3.359517455101013184e-01
3.506145477294921875e-01
3.411049842834472656e-01
3.504075407981872559e-01
3.428348898887634277e-01
3.631950616836547852e-01
4.359165430068969727e-01
3.716229498386383057e-01
4.296948015689849854e-01
4.983067810535430908e-01
5.176027417182922363e-01
5.270786285400390625e-01
6.028961539268493652e-01
5.760668516159057617e-01
5.292412638664245605e-01
5.734698176383972168e-01
5.233106017112731934e-01
5.235089063644409180e-01
5.189198255538940430e-01
4.873284995555877686e-01
5.656703114509582520e-01
6.050426959991455078e-01
5.684866905212402344e-01
5.434778332710266113e-01
5.443487763404846191e-01
4.676815569400787354e-01
4.135446250438690186e-01
3.756904900074005127e-01
3.669883310794830322e-01
4.260091185569763184e-01
4.964180886745452881e-01
4.735749065876007080e-01
5.611046552658081055e-01
5.020421743392944336e-01
5.028438568115234375e-01
5.138000845909118652e-01
4.525296688079833984e-01
3.839779198169708252e-01
4.117816984653472900e-01
3.708094060420989990e-01
2.938872873783111572e-01
2.840043604373931885e-01
2.726821303367614746e-01
2.435721158981323242e-01
2.997443079948425293e-01
2.830421030521392822e-01
2.548120319843292236e-01
2.393288016319274902e-01
2.018107622861862183e-01
1.711079925298690796e-01
1.673433929681777954e-01
1.770345270633697510e-01
1.692999601364135742e-01
1.430950313806533813e-01
1.215638294816017151e-01
1.094164028763771057e-01
1.013336107134819031e-01
1.019299924373626709e-01
7.744478434324264526e-02
9.307349473237991333e-02
9.318556636571884155e-02
8.406198769807815552e-02
6.661560386419296265e-02
6.262540072202682495e-02
6.693973392248153687e-02
6.781128793954849243e-02
6.785783916711807251e-02
6.353333592414855957e-02
6.381579488515853882e-02
5.050528421998023987e-02
4.531374201178550720e-02
3.952207043766975403e-02
3.748178109526634216e-02
3.381877392530441284e-02
3.145235404372215271e-02
2.745178714394569397e-02
2.339118532836437225e-02
1.911200210452079773e-02
1.497301831841468811e-02
1.143471058458089828e-02
8.986071683466434479e-03
6.907356437295675278e-03
5.276709794998168945e-03
4.003725945949554443e-03
2.029791474342346191e-03
