2.641537487506866455e-01
2.616178989410400391e-01
2.645326554775238037e-01
2.673840820789337158e-01
2.787059843540191650e-01
2.764682471752166748e-01
2.783324420452117920e-01
2.938019931316375732e-01
2.950792014598846436e-01
3.111733198165893555e-01
3.172025680541992188e-01
3.135240674018859863e-01
3.106095194816589355e-01
3.088316917419433594e-01
3.028430342674255371e-01
2.982410490512847900e-01
3.142549693584442139e-01
3.146637380123138428e-01
2.800996899604797363e-01
2.718441784381866455e-01
2.666485011577606201e-01
3.113344609737396240e-01
3.313982486724853516e-01
3.232536315917968750e-01
3.403528928756713867e-01
3.286619782447814941e-01
3.029234409332275391e-01
3.690494000911712646e-01
3.232996165752410889e-01
4.288195669651031494e-01
4.041857719421386719e-01
3.996491134166717529e-01
3.827747702598571777e-01
3.858736753463745117e-01
4.773683249950408936e-01
4.362245500087738037e-01
4.897191226482391357e-01
4.888902902603149414e-01
3.903305828571319580e-01
4.004906415939331055e-01
4.198788106441497803e-01
4.626136720180511475e-01
4.864622652530670166e-01
4.925219118595123291e-01
5.075129866600036621e-01
5.105486512184143066e-01
5.480793714523315430e-01
6.030181050300598145e-01
6.548692584037780762e-01
6.226496696472167969e-01
6.108934879302978516e-01
6.871048808097839355e-01
7.165187597274780273e-01
6.971160173416137695e-01
6.325126886367797852e-01
5.480934977531433105e-01
4.945100843906402588e-01
5.332812070846557617e-01
4.888806343078613281e-01
4.264531135559082031e-01
4.151236414909362793e-01
4.732265770435333252e-01
4.754837155342102051e-01
5.136215090751647949e-01
4.203857183456420898e-01
3.854455947875976562e-01
3.305701613426208496e-01
3.427415192127227783e-01
2.614706158638000488e-01
2.713480591773986816e-01
2.598943114280700684e-01
2.584411501884460449e-01
2.235118597745895386e-01
2.110330164432525635e-01
2.385607361793518066e-01
1.852213293313980103e-01
1.413598060607910156e-01
1.208326816558837891e-01
1.094290763139724731e-01
8.408040553331375122e-02
8.498071879148483276e-02
8.956991136074066162e-02
1.046402603387832642e-01
8.753886818885803223e-02
8.375164121389389038e-02
7.688531279563903809e-02
7.284995913505554199e-02
6.699166446924209595e-02
5.516447499394416809e-02
4.785840958356857300e-02
4.351357743144035339e-02
4.106029868125915527e-02
3.673326969146728516e-02
3.156732395291328430e-02
2.777708880603313446e-02
2.055578120052814484e-02
1.745029538869857788e-02
1.515058055520057678e-02
1.309543289244174957e-02
1.068590302020311356e-02
8.318943902850151062e-03
6.391461472958326340e-03
5.003985948860645294e-03
4.083951003849506378e-03
3.524291794747114182e-03
2.984509337693452835e-03
2.735591959208250046e-03
2.491152146831154823e-03
2.221004106104373932e-03
1.939801266416907310e-03
8.707182132638990879e-04
