2.790371477603912354e-01
2.718079984188079834e-01
2.851871848106384277e-01
2.828146815299987793e-01
2.707651555538177490e-01
2.712505757808685303e-01
2.659186124801635742e-01
2.777484059333801270e-01
2.817509174346923828e-01
2.908219993114471436e-01
2.919771969318389893e-01
3.122356832027435303e-01
3.238222897052764893e-01
3.294480741024017334e-01
3.304238915443420410e-01
3.200999200344085693e-01
2.917687892913818359e-01
2.987576723098754883e-01
3.525764942169189453e-01
3.476623594760894775e-01
3.591186404228210449e-01
3.570845425128936768e-01
3.831886649131774902e-01
3.849937617778778076e-01
3.422601819038391113e-01
3.251492679119110107e-01
3.595834076404571533e-01
4.701068401336669922e-01
5.290293097496032715e-01
5.532560944557189941e-01
5.344225168228149414e-01
5.360432863235473633e-01
6.244177818298339844e-01
5.812395811080932617e-01
6.731694340705871582e-01
6.743497848510742188e-01
5.951924324035644531e-01
5.719445943832397461e-01
5.854770541191101074e-01
6.918612122535705566e-01
8.612726330757141113e-01
9.908680319786071777e-01
8.436248302459716797e-01
6.778620481491088867e-01
6.034503579139709473e-01
6.113074421882629395e-01
6.352868080139160156e-01
6.416176557540893555e-01
6.107994914054870605e-01
6.244987845420837402e-01
6.102218031883239746e-01
5.788918137550354004e-01
4.975373446941375732e-01
4.617623090744018555e-01
4.493460655212402344e-01
4.726757407188415527e-01
4.811595976352691650e-01
6.335855722427368164e-01
5.412304401397705078e-01
4.094159901142120361e-01
3.358054757118225098e-01
3.384249806404113770e-01
3.520803153514862061e-01
3.585492670536041260e-01
2.794043123722076416e-01
3.241763114929199219e-01
4.136252701282501221e-01
3.485647439956665039e-01
3.434855043888092041e-01
3.275451362133026123e-01
2.234544306993484497e-01
2.714183032512664795e-01
2.897418439388275146e-01
2.664687037467956543e-01
2.251484543085098267e-01
2.002876698970794678e-01
1.818008124828338623e-01
1.578052043914794922e-01
1.320869326591491699e-01
1.202636435627937317e-01
1.165801808238029480e-01
1.302372813224792480e-01
1.101738288998603821e-01
9.859624505043029785e-02
7.825033366680145264e-02
7.223181426525115967e-02
8.047605305910110474e-02
8.837407082319259644e-02
8.502849936485290527e-02
6.472676247358322144e-02
5.971888080239295959e-02
5.094723775982856750e-02
4.105394706130027771e-02
4.612204059958457947e-02
4.808322712779045105e-02
4.346801340579986572e-02
3.699266165494918823e-02
2.938107959926128387e-02
2.880820073187351227e-02
3.138061985373497009e-02
3.099214658141136169e-02
2.640273794531822205e-02
2.289486303925514221e-02
2.203445881605148315e-02
2.065392397344112396e-02
1.535702217370271683e-02
9.961485862731933594e-03
7.922680117189884186e-03
6.442067213356494904e-03
5.043577868491411209e-03
2.593272132799029350e-03
