5.207562446594238281e-01
4.812738895416259766e-01
6.492675542831420898e-01
6.634128689765930176e-01
5.841905474662780762e-01
6.181704401969909668e-01
6.049372553825378418e-01
5.252646803855895996e-01
5.295181870460510254e-01
4.793404340744018555e-01
4.022273123264312744e-01
3.856466114521026611e-01
3.701754212379455566e-01
5.114405155181884766e-01
5.714305043220520020e-01
5.195427536964416504e-01
5.246228575706481934e-01
5.457682609558105469e-01
5.608776211738586426e-01
5.621057152748107910e-01
5.676575303077697754e-01
5.094619393348693848e-01
4.603812992572784424e-01
4.058573544025421143e-01
4.867060780525207520e-01
3.853353559970855713e-01
3.483853936195373535e-01
2.886330783367156982e-01
3.104206323623657227e-01
3.225265741348266602e-01
3.146594762802124023e-01
2.620993852615356445e-01
2.721199989318847656e-01
2.538355588912963867e-01
2.397253513336181641e-01
2.204220592975616455e-01
