4.900678992271423340e-01
5.130413174629211426e-01
4.063207805156707764e-01
3.647035658359527588e-01
3.392314910888671875e-01
3.880568742752075195e-01
4.390347003936767578e-01
4.971840083599090576e-01
4.955044388771057129e-01
4.740155339241027832e-01
4.907211363315582275e-01
4.836337268352508545e-01
4.520907402038574219e-01
5.219269394874572754e-01
5.417994260787963867e-01
5.954862833023071289e-01
6.358560323715209961e-01
6.493394374847412109e-01
6.174259781837463379e-01
5.511600375175476074e-01
6.062637567520141602e-01
5.674210786819458008e-01
5.271121263504028320e-01
5.013400912284851074e-01
4.415007829666137695e-01
3.763459324836730957e-01
4.390926659107208252e-01
4.064415097236633301e-01
3.731189370155334473e-01
3.573409020900726318e-01
3.479810059070587158e-01
3.374873995780944824e-01
3.053570985794067383e-01
2.747540771961212158e-01
2.200242578983306885e-01
1.919253766536712646e-01
