5.235649347305297852e-01
5.249185562133789062e-01
5.026179552078247070e-01
4.154311120510101318e-01
3.823557496070861816e-01
4.015853404998779297e-01
4.256267249584197998e-01
4.990147054195404053e-01
5.581980347633361816e-01
5.886816978454589844e-01
6.210213899612426758e-01
6.480452418327331543e-01
6.664463877677917480e-01
5.698704719543457031e-01
6.146475076675415039e-01
6.244984865188598633e-01
6.041031479835510254e-01
5.602437853813171387e-01
4.679185748100280762e-01
4.307126700878143311e-01
5.065982937812805176e-01
5.518534183502197266e-01
5.394532680511474609e-01
5.131952762603759766e-01
4.892571866512298584e-01
4.324586987495422363e-01
3.715832233428955078e-01
3.097820281982421875e-01
3.135466277599334717e-01
3.204751014709472656e-01
3.050862550735473633e-01
3.265394270420074463e-01
3.143488764762878418e-01
2.729521393775939941e-01
2.546333670616149902e-01
3.084465861320495605e-01
