5.165187716484069824e-01
4.135909676551818848e-01
5.181491971015930176e-01
5.388647913932800293e-01
5.686767697334289551e-01
5.595237016677856445e-01
5.651581287384033203e-01
5.581455230712890625e-01
4.809592366218566895e-01
3.942787945270538330e-01
3.753872215747833252e-01
3.516233265399932861e-01
4.162152111530303955e-01
5.421335101127624512e-01
5.314704179763793945e-01
5.378851890563964844e-01
5.264919400215148926e-01
5.559622049331665039e-01
5.109091401100158691e-01
5.178669691085815430e-01
6.325925588607788086e-01
5.072310566902160645e-01
4.374133348464965820e-01
4.043108224868774414e-01
4.301167428493499756e-01
5.143787264823913574e-01
4.414770603179931641e-01
3.630437850952148438e-01
3.598588109016418457e-01
3.495092093944549561e-01
3.724234700202941895e-01
2.618892490863800049e-01
2.758976817131042480e-01
2.548174858093261719e-01
2.230133712291717529e-01
1.880422532558441162e-01
