5.332007408142089844e-01
6.046922206878662109e-01
5.915408134460449219e-01
5.868201255798339844e-01
5.655608177185058594e-01
5.169692039489746094e-01
5.391662716865539551e-01
4.741108119487762451e-01
4.335198998451232910e-01
4.592808187007904053e-01
4.285497665405273438e-01
5.008374452590942383e-01
5.014491081237792969e-01
6.242898702621459961e-01
6.660311818122863770e-01
6.245070099830627441e-01
5.707163810729980469e-01
5.210911035537719727e-01
6.083241105079650879e-01
5.618999004364013672e-01
5.287507176399230957e-01
4.224588274955749512e-01
3.622269630432128906e-01
4.014279544353485107e-01
4.828596711158752441e-01
5.483253598213195801e-01
3.812696933746337891e-01
4.029608666896820068e-01
3.655515015125274658e-01
3.688244223594665527e-01
3.534250855445861816e-01
2.772590517997741699e-01
2.687232792377471924e-01
2.674003839492797852e-01
2.151510566473007202e-01
2.103121727705001831e-01
