5.376817584037780762e-01
5.833544731140136719e-01
5.200609564781188965e-01
4.237513244152069092e-01
3.577596247196197510e-01
3.182664811611175537e-01
3.554443120956420898e-01
4.197458922863006592e-01
4.648780524730682373e-01
4.634188413619995117e-01
4.858967363834381104e-01
5.036646723747253418e-01
5.790258646011352539e-01
6.038610935211181641e-01
6.490877270698547363e-01
5.842765569686889648e-01
5.070205926895141602e-01
4.425057470798492432e-01
3.677706420421600342e-01
3.863927125930786133e-01
3.961110711097717285e-01
5.040987730026245117e-01
4.313215911388397217e-01
3.991263508796691895e-01
3.868805170059204102e-01
4.577135443687438965e-01
3.920904099941253662e-01
3.304315209388732910e-01
3.228398561477661133e-01
3.252314329147338867e-01
3.086688518524169922e-01
3.515846729278564453e-01
3.749480843544006348e-01
3.192262053489685059e-01
2.919224798679351807e-01
3.289148509502410889e-01
