2.337572276592254639e-01
2.439185082912445068e-01
2.511835396289825439e-01
2.643780112266540527e-01
2.575033605098724365e-01
2.593725621700286865e-01
2.532258927822113037e-01
2.726338207721710205e-01
2.722851037979125977e-01
2.466866821050643921e-01
2.370504885911941528e-01
2.463193833827972412e-01
2.573712468147277832e-01
2.690052092075347900e-01
2.798874676227569580e-01
2.866170108318328857e-01
2.920594215393066406e-01
3.072173297405242920e-01
3.138974606990814209e-01
3.110193312168121338e-01
3.345977962017059326e-01
3.458354175090789795e-01
3.451534509658813477e-01
3.647549152374267578e-01
4.064620435237884521e-01
4.159769713878631592e-01
4.762805402278900146e-01
4.689293205738067627e-01
6.172591447830200195e-01
5.858398675918579102e-01
5.504182577133178711e-01
5.842450857162475586e-01
4.780552983283996582e-01
5.013038516044616699e-01
5.797951221466064453e-01
4.829204380512237549e-01
5.411410927772521973e-01
6.718671321868896484e-01
5.743474364280700684e-01
5.148669481277465820e-01
5.328246951103210449e-01
5.376099944114685059e-01
6.120418906211853027e-01
6.142883300781250000e-01
5.545760393142700195e-01
4.718195199966430664e-01
4.318671226501464844e-01
4.202072322368621826e-01
4.266477227210998535e-01
4.776463210582733154e-01
5.305399298667907715e-01
5.160453915596008301e-01
5.716001987457275391e-01
5.710215568542480469e-01
5.463161468505859375e-01
5.643630027770996094e-01
5.821371674537658691e-01
4.141967892646789551e-01
5.376517176628112793e-01
4.976877272129058838e-01
5.011725425720214844e-01
5.138804316520690918e-01
4.081502258777618408e-01
4.514917135238647461e-01
3.885726928710937500e-01
4.641484320163726807e-01
5.001721382141113281e-01
3.761929869651794434e-01
3.241495192050933838e-01
3.418558835983276367e-01
3.127878010272979736e-01
2.869274616241455078e-01
2.674889564514160156e-01
2.363803535699844360e-01
1.836761981248855591e-01
1.659388393163681030e-01
1.610557138919830322e-01
1.900015026330947876e-01
1.744689047336578369e-01
1.127958595752716064e-01
9.103386104106903076e-02
9.417092800140380859e-02
1.043612807989120483e-01
9.184780716896057129e-02
8.201557397842407227e-02
8.096893131732940674e-02
7.684130966663360596e-02
7.741399109363555908e-02
6.038244068622589111e-02
5.642959102988243103e-02
5.420454591512680054e-02
4.422948509454727173e-02
3.515965491533279419e-02
3.001001477241516113e-02
2.954689785838127136e-02
2.873869426548480988e-02
2.561843767762184143e-02
2.523632533848285675e-02
1.938669197261333466e-02
1.414029765874147415e-02
1.139844208955764771e-02
9.859414771199226379e-03
8.434177376329898834e-03
8.436826057732105255e-03
7.005711086094379425e-03
5.294237751513719559e-03
3.778359154239296913e-03
2.994189504534006119e-03
2.489476231858134270e-03
2.234558342024683952e-03
1.055710134096443653e-03
