1.054198816418647766e-01
-4.900629073381423950e-02
-4.985472559928894043e-01
4.488518238067626953e-01
3.994856178760528564e-01
2.290350049734115601e-01
1.984346508979797363e-01
1.895935460925102234e-02
1.754934042692184448e-01
3.740026056766510010e-02
-9.328384697437286377e-02
1.738189309835433960e-01
1.216929405927658081e-01
4.200844466686248779e-01
-9.510560333728790283e-02
3.103133141994476318e-01
5.545310676097869873e-02
-3.516963869333267212e-02
-1.285775899887084961e-01
3.909360766410827637e-01
1.649776846170425415e-01
8.297565579414367676e-02
-4.250581264495849609e-01
5.322402119636535645e-01
1.966046169400215149e-02
4.262420535087585449e-01
-4.161621034145355225e-01
-3.013300001621246338e-01
8.055943250656127930e-02
1.374412477016448975e-01
1.137886568903923035e-01
-1.340480744838714600e-01
2.155630663037300110e-02
-4.504259526729583740e-01
3.837758898735046387e-01
-3.804759681224822998e-01
-3.192884027957916260e-01
2.762695550918579102e-01
2.887682989239692688e-03
-2.794648110866546631e-01
-9.387637674808502197e-02
2.331001460552215576e-01
-4.543035626411437988e-01
2.216954827308654785e-01
2.411379665136337280e-01
9.755998849868774414e-03
-2.115275710821151733e-02
3.705242574214935303e-01
2.764291167259216309e-01
1.877617537975311279e-01
1.745177656412124634e-01
3.781021386384963989e-02
1.997556686401367188e-01
3.893525302410125732e-01
-2.032900750637054443e-01
-2.446943968534469604e-01
1.046474799513816833e-01
1.198529750108718872e-01
-4.321065545082092285e-01
2.535755336284637451e-01
-3.626580834388732910e-01
4.648592472076416016e-01
-2.721327543258666992e-01
4.588342308998107910e-01
-3.576968908309936523e-01
-2.126758098602294922e-01
-1.340879201889038086e-01
3.728940337896347046e-02
7.196657359600067139e-02
-4.474146962165832520e-01
-1.646186858415603638e-01
-4.004087746143341064e-01
-5.553959012031555176e-01
6.801232695579528809e-02
2.929064035415649414e-01
2.832305431365966797e-01
4.132710397243499756e-01
-2.119202017784118652e-01
-5.951593071222305298e-02
5.532379150390625000e-01
-3.843534290790557861e-01
4.059924185276031494e-01
