5.561186075210571289e-01
4.964462518692016602e-01
6.186353564262390137e-01
6.587768197059631348e-01
6.029375195503234863e-01
6.149228811264038086e-01
6.106750965118408203e-01
5.653070211410522461e-01
5.228925347328186035e-01
4.961045086383819580e-01
4.288523495197296143e-01
4.005215764045715332e-01
4.515286982059478760e-01
5.301604270935058594e-01
5.243507623672485352e-01
4.125488698482513428e-01
4.011454582214355469e-01
4.280810654163360596e-01
4.702072143554687500e-01
4.706348776817321777e-01
5.656083822250366211e-01
5.163071751594543457e-01
4.586990773677825928e-01
4.269941449165344238e-01
4.007001519203186035e-01
3.362745046615600586e-01
3.811545670032501221e-01
3.271707594394683838e-01
3.026149272918701172e-01
3.071356713771820068e-01
3.023273050785064697e-01
2.988531291484832764e-01
2.911495566368103027e-01
2.690558433532714844e-01
2.514222264289855957e-01
2.295066118240356445e-01
