4.366911053657531738e-01
4.991415441036224365e-01
4.528815150260925293e-01
4.440480768680572510e-01
4.673062264919281006e-01
4.753956198692321777e-01
4.778921604156494141e-01
4.584941565990447998e-01
4.172555804252624512e-01
4.499689340591430664e-01
4.550101161003112793e-01
4.684087336063385010e-01
4.786133170127868652e-01
5.189510583877563477e-01
7.264848947525024414e-01
7.547811269760131836e-01
7.153311371803283691e-01
6.716992855072021484e-01
5.923227667808532715e-01
6.071108579635620117e-01
5.893777608871459961e-01
4.882520139217376709e-01
5.631976723670959473e-01
5.538218021392822266e-01
5.187634825706481934e-01
4.479133188724517822e-01
3.904236853122711182e-01
3.198012411594390869e-01
2.541531324386596680e-01
2.407266497611999512e-01
2.700802683830261230e-01
2.708646655082702637e-01
2.571164667606353760e-01
2.484786063432693481e-01
2.072473019361495972e-01
1.723243892192840576e-01
